550 550 200 0   0   0   0   0   0   0   0   0   0   0   0   0   0   0   0   0   0   0   0   0   0   0   0   0   0   0   0   0   0   0   0   0   0   0   0   0   0   0   0   0   0   0   0   0   0   
550 550 201 0   0   0   0   0   0   0   0   0   0   0   0   0   0   0   0   0   0   0   0   0   0   0   0   0   0   0   0   0   0   0   0   0   0   0   0   0   0   0   0   0   0   0   0   0   0   
550 550 202 0   0   0   0   0   0   0   0   0   0   0   0   0   0   0   0   0   0   0   0   0   0   0   0   0   0   0   0   0   0   0   0   0   0   0   0   0   0   0   0   0   0   0   0   0   0   
550 550 203 0   0   0   0   0   0   0   0   0   0   0   0   0   0   0   0   0   0   0   0   0   0   0   204 550 550 550 550 550 550 550 550 550 550 0   0   0   0   0   0   0   0   0   0   0   0   
550 550 200 0   0   0   0   0   0   0   0   0   0   0   0   0   0   0   0   0   0   0   0   0   0   0   205 550 550 550 550 550 550 550 550 550 550 0   0   0   0   0   0   0   0   0   0   0   0   
550 550 206 0   0   0   0   0   0   0   0   0   0   0   0   0   0   0   0   0   0   0   0   0   0   0   100 101 102 103 104 105 106 107 550 550 550 0   0   0   0   0   0   0   0   0   0   0   0   
550 550 201 0   0   0   0   0   0   0   0   0   0   0   0   0   0   0   0   0   0   0   0   0   0   0   0   0   0   0   0   0   0   205 550 550 550 0   0   0   0   0   0   0   0   0   0   0   0   
550 550 207 0   0   0   0   0   0   0   0   0   0   0   0   0   0   0   0   0   0   0   0   0   0   0   0   0   0   0   0   0   0   208 550 550 550 0   0   0   0   0   0   0   0   0   0   0   0   
550 550 450 0   0   0   0   0   0   0   0   0   0   0   0   0   0   0   0   0   0   0   0   0   0   0   0   0   0   0   0   0   0   209 550 550 550 0   0   0   0   0   0   0   0   0   0   0   0   
550 550 451 0   0   0   0   0   0   0   0   0   0   0   0   0   0   0   0   0   0   0   0   0   0   0   0   0   0   0   0   0   0   210 550 550 550 0   0   0   0   0   0   0   0   0   0   0   0   
550 550 452 0   0   0   0   0   0   0   0   0   0   0   0   0   0   0   0   0   0   0   0   0   0   0   0   0   0   0   0   0   0   204 550 550 550 0   0   0   0   0   0   0   0   0   0   0   0   
550 550 453 0   0   0   0   0   0   0   0   0   0   0   0   0   0   0   0   0   0   0   0   0   0   0   0   0   0   0   0   0   0   205 550 550 550 0   0   0   0   0   0   0   0   0   0   0   0   
550 550 454 0   0   0   0   0   0   0   0   0   0   0   0   0   0   0   0   0   0   300 301 302 2   3   1   4   5   3   1   4   5   6   550 550 550 0   0   0   0   0   0   0   0   0   0   0   0   
550 550 7   350 351 0   0   0   0   0   0   0   0   0   0   0   0   0   0   0   0   0   0   0   208 550 550 550 550 550 550 550 550 550 550 550 550 0   0   0   0   0   0   0   0   0   0   0   0   
550 550 550 550 8   9   3   10  9   3   10  9   3   10  9   3   10  11  0   0   0   0   0   0   209 550 550 550 550 550 550 550 550 550 550 550 550 0   0   0   0   0   0   0   0   0   0   0   0   
550 550 550 550 550 550 550 550 550 550 550 550 550 550 550 550 550 211 0   0   0   0   0   0   208 550 550 550 550 550 550 550 550 550 550 550 550 0   0   0   0   0   0   0   0   0   0   0   0   
550 550 550 550 550 550 550 550 550 550 550 550 550 550 550 550 550 203 0   0   0   0   0   0   209 550 550 550 550 550 550 550 550 550 550 550 550 0   0   0   0   0   0   0   0   0   0   0   0   
550 550 550 550 550 550 550 550 550 550 550 550 550 550 550 550 550 200 0   0   0   0   0   0   210 550 550 550 550 550 550 550 550 550 550 550 550 0   0   0   0   0   0   0   0   0   0   0   0   
550 550 550 550 550 550 550 550 550 550 550 550 550 550 550 550 550 206 0   0   0   300 301 302 204 550 550 550 550 550 550 550 550 550 550 550 550 0   0   0   0   0   0   0   0   0   0   0   0   
550 550 550 550 550 550 550 550 550 550 550 550 550 550 550 550 550 203 0   0   0   0   0   0   205 550 550 550 550 550 550 550 550 550 550 550 550 0   0   0   0   0   0   0   0   0   0   0   0   
550 550 550 550 550 550 550 550 550 550 550 550 550 550 550 550 550 200 0   0   0   0   0   0   208 550 550 550 550 550 550 550 550 550 550 550 550 0   0   0   0   0   0   0   0   0   0   0   0   
550 550 550 550 550 550 550 550 550 550 550 550 550 550 550 550 550 212 0   0   0   0   0   0   209 550 550 550 550 550 550 550 550 550 550 550 550 0   0   0   0   0   0   0   0   0   0   0   0   
550 550 550 550 550 550 550 550 550 550 550 550 550 550 550 550 550 200 0   0   0   0   0   0   210 550 550 550 550 550 550 550 550 550 550 550 550 0   0   0   0   0   0   0   0   0   0   0   0   
550 550 550 550 550 550 550 550 550 550 550 550 550 550 550 550 550 206 303 0   0   0   0   0   100 108 109 101 102 103 104 105 106 110 107 550 550 550 550 550 203 0   0   0   0   0   0   0   0   
550 550 550 550 550 550 550 550 550 550 550 103 104 105 106 110 111 112 0   0   0   0   0   0   0   0   0   0   0   0   0   0   0   0   208 550 550 550 550 550 200 0   0   0   0   0   0   0   0   
550 550 550 550 550 550 550 550 550 113 400 0   0   0   0   0   0   0   0   0   0   0   0   0   0   0   0   0   0   0   0   0   0   0   209 550 550 550 550 550 213 0   0   0   0   0   208 550 550 
550 119 104 105 106 110 111 111 400 0   0   0   0   0   0   0   0   0   0   0   0   0   0   0   0   0   0   0   0   0   0   0   0   0   210 550 550 550 550 550 211 0   0   0   0   0   215 550 550 
550 206 0   0   0   0   0   0   0   0   0   0   0   0   0   0   0   0   0   0   0   0   0   0   0   0   0   0   0   0   0   0   0   0   204 550 550 550 550 550 203 0   0   0   0   0   216 550 550 
550 211 0   0   0   0   0   0   0   0   0   0   0   0   0   0   0   0   0   0   0   0   0   2   1   4   5   12  13  14  15  16  5   12  6   550 550 550 550 550 200 0   0   0   0   0   209 550 550 
550 203 0   0   0   0   0   0   0   0   0   0   0   0   0   0   0   0   0   0   0   0   0   208 550 550 550 550 550 550 550 550 550 550 550 550 550 550 550 550 206 0   0   0   0   0   210 550 550 
550 200 0   0   0   0   0   0   0   0   0   0   0   0   0   0   0   0   0   0   0   0   0   209 550 550 550 550 550 550 550 550 550 550 550 119 103 104 105 106 112 0   0   0   0   0   204 550 550 
550 206 0   0   0   0   0   0   0   352 353 9   3   10  9   3   10  3   11  0   0   0   0   210 550 550 550 550 550 550 550 550 550 550 550 211 0   0   0   0   0   0   0   0   0   0   205 550 550 
550 201 0   0   0   0   0   352 353 17  550 550 550 550 550 550 550 550 211 0   0   0   0   208 550 550 550 550 550 550 550 550 550 550 550 203 0   0   0   0   0   0   0   0   0   0   217 550 550 
550 7   3   3   10  9   3   17  550 550 550 550 550 550 550 550 550 550 203 0   0   0   0   209 550 550 550 550 550 550 550 550 550 550 550 200 0   0   0   0   0   0   0   0   0   0   455 550 550 
550 550 550 550 550 550 550 550 550 550 550 550 550 550 550 550 550 550 200 0   0   0   0   210 550 550 550 550 550 550 550 550 550 550 550 206 0   0   0   0   0   0   0   0   0   0   456 550 550 
550 550 550 550 550 550 550 550 550 550 550 550 550 550 550 550 550 550 206 0   0   0   0   100 109 101 102 103 114 115 116 117 106 110 111 112 0   0   0   0   0   0   0   0   0   0   457 550 550 
550 550 550 550 550 550 550 550 550 550 550 550 550 550 550 550 550 550 201 0   0   0   0   0   0   0   0   0   0   0   0   0   0   0   0   0   0   0   0   0   0   0   0   0   0   0   458 550 550 
550 550 550 550 550 550 550 550 550 550 550 550 550 550 550 550 550 550 211 0   0   0   0   0   0   0   0   0   0   0   0   0   0   0   0   0   0   0   0   0   0   0   0   0   0   0   459 550 550 
550 550 119 114 115 116 117 118 108 109 101 102 103 114 115 116 117 118 112 0   0   0   0   0   0   0   0   0   0   0   0   0   0   0   0   0   0   0   0   0   0   2   1   4   5   12  6   550 550 
550 550 206 0   0   0   0   0   0   0   0   0   0   0   0   0   0   0   0   0   0   0   0   0   0   0   0   0   0   0   0   0   0   0   0   0   0   0   0   0   0   208 550 550 550 550 550 550 550 
550 550 211 0   0   0   0   0   0   0   0   0   0   0   0   0   0   0   0   0   0   0   0   0   0   0   0   0   0   0   0   0   0   0   0   0   304 9   305 0   0   209 550 550 550 550 550 550 550 
550 550 203 0   0   0   0   0   0   0   0   0   0   0   0   0   0   0   0   0   0   0   0   0   0   0   0   0   0   0   0   0   0   0   0   0   0   0   0   0   0   210 550 550 550 550 550 550 550 
550 550 200 0   0   0   0   0   0   0   0   0   0   0   0   0   0   0   0   0   0   0   2   1   4   5   12  3   10  18  3   10  11  0   0   0   0   0   0   0   0   204 550 550 550 550 550 550 550 
550 550 206 0   0   0   0   0   0   0   0   0   0   0   0   0   0   0   0   0   0   0   210 550 550 550 550 550 550 550 550 550 211 0   0   0   0   0   0   0   0   205 550 550 550 550 550 550 550 
550 550 201 0   0   0   0   0   0   0   0   0   0   0   0   0   352 353 19  0   0   0   204 550 550 550 550 550 550 550 550 550 203 0   0   0   0   0   0   0   0   208 550 550 550 550 550 550 550 
550 550 20  3   3   21  22  3   21  22  3   21  22  3   21  23  17  550 214 500 501 502 205 550 550 550 550 550 550 550 550 550 200 0   0   0   0   0   0   0   0   209 550 550 550 550 550 550 550 
550 550 550 550 550 550 550 550 550 550 550 550 550 550 550 550 550 550 24  3   10  18  25  550 550 550 550 550 550 550 550 550 206 0   0   0   0   0   0   0   0   210 550 550 550 550 550 550 550 
